EPN,[13]
EPO,[58, 14, 101, 14]
OPE,[101]
ELO,[203]
OPL,[250]
SPL,[84]
UPI,[21]
ULE,[63, 29, 161]
ODE,[19, 98, 161]
EUE,[144]
SDE,[356]
STU,[49]
YDE,[253]
QUE,[144]
UDO,[324]
SUE,[175, 5]
POD,[98]
MUL,[92, 23]
IUS,[210, 21]
EIN,[219]
CEP,[171, 274]
YUM,[85, 111, 46, 46, 101]
UYU,[85, 111, 46, 46, 84, 17]
UIE,[244]
LOS,[21, 182]
OUY,[65, 203, 101]
OQU,[64]
IEN,[268, 48]
NOU,[65]
IEP,[165]
SQU,[144]
UMO,[196, 46, 46, 101]
POU,[101]
MEP,[64]
SIN,[97]
END,[79]
OEP,[152, 189, 28, 34]
ENE,[139]
SEP,[33, 40, 117, 33, 97]
INF,[14]
SES,[247]
UEP,[16, 99, 30, 15, 6, 9, 5]
LLE,[14]
ENO,[65, 14]
UND,[8]
NDE,[198]
ESE,[190]
PLU,[24, 250]
NDO,[17, 8]
ISE,[238]
LUC,[274]
ISD,[115, 223, 18]
ISG,[173]
ISF,[356]
ISI,[97]
TUD,[178]
ISO,[19]
USE,[150]
ISQ,[144]
EST,[49]
ISP,[84, 222]
ISS,[82, 93]
DEI,[219]
DEL,[114, 69]
ISU,[28, 60, 163]
SSO,[93]
DEP,[141, 40]
ISY,[147]
MOP,[129, 67, 46, 46, 101]
ECO,[37]
IGO,[75]
LEN,[14, 247]
SCE,[238]
UCE,[274]
PIO,[264]
NEP,[120]
PEP,[235, 101, 5]
LES,[29, 161]
PIS,[15, 15, 19, 16, 14, 16, 16, 19, 17, 16, 19, 13, 15, 17, 13, 15, 15, 14, 19, 17, 16, 17, 18, 14, 14, 18, 16, 17, 15]
EPE,[252, 22]
SOY,[192]
PIU,[21]
EPI,[15, 15, 19, 16, 14, 16, 16, 19, 17, 16, 19, 13, 15, 17, 13, 15, 15, 14, 19, 17, 16, 17, 18, 14, 14, 18, 16, 17, 15]
PES,[252, 22]